0;1;maçãs;2.30;81;0;;;1200;05
0;2;batatas;4.80;37;0;;;650;13
0;3;limões;3.10;44;0;;;500;02
0;4;uvas;5.00;19;0;;;780;04
0;5;melancias;8.20;28;0;;;1400;11
1;6;lixívia;17.00;60;;;;9
1;7;desinfectante;11.90;21;0;;;4
1;8;detergente;13.20;34;0;;;5
1;9;limpa-vidros;9.40;7;0;;;4
1;10;tira-nódoas;7.70;12;0;;;7
2;11;estante;60.00;31;0;;;210;123;113
2;12;móvel;45.00;21;0;;;142;52;62
2;13;armário;55.00;24;0;;;191;22;27
2;14;cadeira;28.00;11;0;;;95;88;63
2;15;poltrona;35.00;39;0;;;85;12;23

0;Melancia;8.20;28;0;;;1400;11
1;Lixívia;17.00;60;0;;;6
1;Tira-nódoas;7.70;12;0;;;7
2;Estante;60.00;31;0;;;210;123;113;130
2;Poltrona;35.00;39;0;;;85;12;23;200