0;Pão;0.5;50;1;18/11/2021;30/12/2021;50;5
0;Melancia;1.20;28;0;;;500;1
0;Bolachas;4.80;146;2;3/12/2021;15/1/2022;1400;34
0;Bolachas;4.80;146;2;3/12/2021;15/1/2022;1400;34
0;Limões;2.10;44;0;;;650;2
0;Uvas;3.50;200;0;;;780;4
1;Lixívia;5.00;60;0;;;10
1;Tira-nódoas;3.70;12;0;;;7
1;Desinfectante;1.90;157;2;20/7/2021;3/2/2022;5
1;Detergente;11.20;34;0;;;6
1;Limpa-vidros;3.40;7;1;17/12/2021;18/12/2021;4
2;Estante;60.00;31;0;;;210;123;113;130
2;Poltrona;70.00;39;0;;;85;12;23;200
2;Cama;100.00;10;0;;;100;120;210;60
2;Secretária;500.00;15;0;;;50;70;150;80
2;Móvel;200.99;20;2;09/12/2021;11/12/2021;80;60;120;100
